  "GetOutside": [

[1,1080],
[0,1730],
[0,1880],
[0,2130],
[0,2230],
[2,2480],
[0,3380],
[0,3680],
[1,4130],
[0,4680],
[0,5030],
[0,5280],
[0,5680],
[0,6080],
[0,6230],
[2,6580],
[1,7430],
[2,8230],
[0,8630],
[0,9030],
[0,9430],
[0,9630],
[1,10030],
[0,10680],
[0,11030],
[0,11430],
[0,11830],
[0,12030],
[0,12430],
[0,12580],

[2,13830],
[0,14480],
[0,14630],
[0,14880],
[0,15030],
[1,15230],
[0,16180],
[0,16480],
[1,16830],
[0,17480],
[0,17830],
[0,18030],
[0,18430],
[0,18580],
[0,18830],
[2,18980],
[1,19380],
[2,20230],
[0,21030],
[0,21430],
[0,21830],
[0,22230],
[0,22480],
[1,22880],
[0,23430],
[0,23830],
[0,24230],
[0,24630],
[0,24830],
[0,25180],
[0,25380],
[0,25830],
[0,26180],
[0,26580],
[0,26930],
[0,27380],
[0,27830],
[1,28080],
[0,28980],
[0,29380],
[0,29780],
[0,30180],
[0,30580],
[0,30980],
[3,31230],
[0,32230],
[0,32630],
[0,33030],
[0,33430],
[0,33830],
[0,34180],
[4,34380],
[0,35380],
[0,35780],
[0,36180],
[0,36580],
[0,36980],
[0,37380],
[0,37580],
[1,37980],
[0,38630],
[0,39030],
[0,39380],
[0,39780],
[0,40230],
[0,40580],
[3,40780],
[0,41780],
[0,42180],
[0,42580],
[0,42980],
[0,43380],
[0,43780],
[2,43980],
[0,44980],
[0,45380],
[0,45780],
[0,46180],
[0,46580],
[0,46980],
[2,47180],
[0,48180],
[0,48530],
[0,48980],
[0,49380],
[0,49780],
[0,50080],
[0,50230],
[2,50530],
[1,51430],
[2,52280],
[0,52830],
[0,52980],
[0,53230],
[0,53380],
[3,53630],
[0,54580],
[0,54830],
[0,55180],
[0,55830],
[0,56230],
[0,56530],
[0,56830],
[0,57280],
[0,57430],
[1,57780],
[2,58630],
[0,59380],
[0,59780],
[0,60180],
[0,60580],
[0,60780],
[1,61180],
[0,61780],
[0,62180],
[0,62580],
[0,62980],
[0,63230],
[0,63630],
[0,63780],
[0,64180],
[1,64430],
[2,65030],
[0,65680],
[0,65830],
[0,66080],
[0,66230],
[1,66480],
[0,67380],
[0,67630],
[0,68030],
[0,68630],
[0,68980],
[0,69230],
[0,69680],
[0,69830],
[0,70080],
[0,70230],
[4,70580],
[2,71380],
[0,72180],
[0,72580],
[0,72980],
[0,73380],
[0,73580],
[1,73980],
[0,74630],
[0,74980],
[0,75430],
[0,75780],
[0,76030],
[0,76430],
[0,76580],
[0,76930],
[0,77380],
[0,77780],
[0,78180],
[0,78630],
[0,78980],
[1,79230],
[0,80180],
[0,80530],
[0,80980],
[0,81380],
[0,81780],
[0,82180],
[1,82380],
[0,83330],
[0,83780],
[0,84180],
[0,84580],
[0,84980],
[0,85330],
[2,85530],
[0,86580],
[0,86930],
[0,87380],
[0,87780],
[0,88180],
[0,88430],
[0,88580],
[2,88930],
  ],